0.9
per=[0.125 0.240510954273;
0.25  0.420226959286;
0.05  0.0954587154591;
0.075 0.135277673431;
0.2   0.385892085152;
0.1   0.184806037333;
0.0   0.0610930824812;
0.17  0.336788004278;
0.15  0.296029420513]

0.75
per=[0.1 0.097901896442;
0.0 0.0330049100832;
0.2 0.205131705057;
0.25 0.223512269219;
0.05 0.0501524551356;
0.15 0.15709861067]

0.5
per=[0.15 0.182650052141;
0.1 0.11022862977;
0.0 0.0307073368411;
0.2 0.242148998343;
0.25 0.265092472903;
0.05 0.0525350079604];

0.5 more perscision
per=[0.15 0.18592093477;
0.1 0.112687138059;
0.0 0.0312776820194;
0.2 0.245459445328;
0.25 0.268270137039;
0.05 0.0537294210223]

0.4
per=[0.1 0.170331828117;
0.15 0.290248462029;
0.05 0.0757988430321;
0.2 0.389810085951;
0.25 0.428453318164;
0.0 0.0402629247223];


%0.3
per = [0.15 0.466625837744;
0.05 0.12246200112;
0.25 0.686391985377;
0.1 0.272233650406;
0.0 0.0669554891238;
0.2 0.620736389609];

%0.7

per=[0.1 0.0910953792865;
0.0 0.0299935310421;
0.2 0.190679067575;
0.15 0.146033898571;
0.25 0.207779045405;
0.05 0.0468477909461];