0.3
0.137211040391	0.870707082006	1.60420312362	2.33769916524	3.07119520685	3.80469124847	4.53818729008	5.2716833317	6.00517937331	6.73867541493	7.47217145655	8.20566749816	8.93916353978	9.67265958139	10.406155623	11.1396516646	11.8731477062	12.6066437479	13.3401397895	14.0736358311	14.8071318727
-0.00220936250207	0.232489640403	0.705359812146	1.3545442094	2.11849702825	2.94669896724	3.80254700212	4.66185048741	5.50957592519	6.33159123993	7.17316750475	7.953044652	8.72189695725	9.47477313706	10.2134240778	10.9401765316	11.6573347477	12.3670171337	13.0711041387	13.7712305444	14.4687980977
0.4
0.248595714685	1.19147567741	2.13435564014	3.07723560286	4.02011556559	4.96299552831	5.90587549104	6.84875545377	7.79163541649	8.73451537922	9.67739534194	10.6202753047	11.5631552674	12.5060352301	13.4489151928	14.3917951556	15.3346751183	16.277555081	17.2204350437	18.1633150065	19.1061949692
0.00659210977121	0.262251131726	0.785515623444	1.52210716337	2.42567216834	3.45499086338	4.57460497435	5.76543818739	6.85744041612	8.11858724646	9.3744154983	10.4203750471	11.5881685799	12.7029399452	13.7806049544	14.8239098605	15.8348458039	16.8171747398	17.7404975654	18.6693804533	19.5539467977
0.5
0.0311542013919	1.02937492214	2.02759564288	3.02581636363	4.02403708437	5.02225780512	6.02047852586	7.01869924661	8.01691996736	9.0151406881	10.0133614088	11.0115821296	12.0098028503	13.0080235711	14.0062442918	15.0044650126	16.0026857333	17.0009064541	17.9991271748	18.9973478956	19.9955686163
-0.000859759662062	0.126847128996	0.469360357889	0.998415079117	1.69052153197	2.52477595847	3.48202146684	4.54461522912	5.69711899129	6.94449700554	8.17111489857	9.5001742004	10.8516284436	12.219150991	13.5931177066	14.9660634712	16.3206951434	17.6687293861	18.9956043504	20.300698609	21.5833667528
0.7
0.079035180784	1.84801641924	3.6169976577	5.38597889615	7.15496013461	8.92394137306	10.6929226115	12.46190385	14.2308850884	15.9998663269	17.7688475653	19.5378288038	21.3068100423	23.0757912807	24.8447725192	26.6137537576	28.3827349961	30.1517162345	31.920697473	33.6896787114	35.4586599499
-0.000874665897293	0.320659831192	1.15662028975	2.38739927039	3.90620812362	5.63791183211	7.53299925765	9.55856031184	11.6918395257	13.916360824	16.219710412	18.5922811393	21.0265658286	23.5167597929	26.0585194315	28.6487718376	31.285510972	33.9675584295	36.6943038164	39.4654596783	42.2808646524
0.75
0.138798819077	2.36511776634	4.5914367136	6.81775566086	9.04407460812	11.2703935554	13.4967125026	15.7230314499	17.9493503972	20.1756693444	22.4019882917	24.6283072389	26.8546261862	29.0809451335	31.3072640807	33.533583028	35.7599019753	37.9862209225	40.2125398698	42.438858817	44.6651777643
-0.000273891085342	0.555948768127	1.93610529339	3.92478895005	6.34426228388	9.06820456443	12.0162962685	15.0356423733	18.2927468872	21.5992815634	24.9728665299	28.4025540234	31.8802737465	35.4010249022	38.9622506971	42.5632306562	46.2045656416	49.8877566455	53.6148693451	57.3882742317	61.2104508165
0.9
0.226240165269	1.84735721371	3.46847426214	5.08959131058	6.71070835902	8.33182540745	9.95294245589	11.5740595043	13.1951765528	14.8162936012	16.4374106496	18.0585276981	19.6796447465	21.3007617949	22.9218788434	24.5429958918	26.1641129403	27.7852299887	29.4063470371	31.0274640856	32.648581134
0.0106295074253	0.645661915529	2.20883472999	4.55535369129	7.53960442394	11.0373306407	14.9500957515	19.2020738028	23.7349451523	28.5032393829	33.4706698694	38.6068157105	43.8393968196	49.3157447567	54.8324946727	60.4462093956	66.1423489707	71.9096476994	77.7384983593	83.6205513672	89.5484721936
