0.3
0.320159094246	2.03164985802	3.74314062178	5.45463138555	7.16612214932	8.87761291309	10.5891036769	12.3005944406	14.0120852044	15.7235759682	17.4350667319	19.1465574957	20.8580482595	22.5695390232	24.281029787	25.9925205508	27.7040113146	29.4155020783	31.1269928421	32.8384836059	34.5499743696
-0.00220936250207	0.232489640403	0.705359812146	1.3545442094	2.11849702825	2.94669896724	3.80254700212	4.66185048741	5.50957592519	6.33159123993	7.17316750475	7.953044652	8.72189695725	9.47477313706	10.2134240778	10.9401765316	11.6573347477	12.3670171337	13.0711041387	13.7712305444	14.4687980977
0.4
0.372893572027	1.78721351612	3.2015334602	4.61585340429	6.03017334838	7.44449329247	8.85881323656	10.2731331806	11.6874531247	13.1017730688	14.5160930129	15.930412957	17.3447329011	18.7590528452	20.1733727893	21.5876927334	23.0020126774	24.4163326215	25.8306525656	27.2449725097	28.6592924538
0.00659210977121	0.262251131726	0.785515623444	1.52210716337	2.42567216834	3.45499086338	4.57460497435	5.76543818739	6.85744041612	8.11858724646	9.3744154983	10.4203750471	11.5881685799	12.7029399452	13.7806049544	14.8239098605	15.8348458039	16.8171747398	17.7404975654	18.6693804533	19.5539467977
0.5
0.0311542013919	1.02937492214	2.02759564288	3.02581636363	4.02403708437	5.02225780512	6.02047852586	7.01869924661	8.01691996736	9.0151406881	10.0133614088	11.0115821296	12.0098028503	13.0080235711	14.0062442918	15.0044650126	16.0026857333	17.0009064541	17.9991271748	18.9973478956	19.9955686163
-0.000859759662062	0.126847128996	0.469360357889	0.998415079117	1.69052153197	2.52477595847	3.48202146684	4.54461522912	5.69711899129	6.94449700554	8.17111489857	9.5001742004	10.8516284436	12.219150991	13.5931177066	14.9660634712	16.3206951434	17.6687293861	18.9956043504	20.300698609	21.5833667528
0.7
0.033872220336	0.792007036817	1.5501418533	2.30827666978	3.06641148626	3.82454630274	4.58268111922	5.3408159357	6.09895075218	6.85708556867	7.61522038515	8.37335520163	9.13149001811	9.88962483459	10.6477596511	11.4058944676	12.164029284	12.9221641005	13.680298917	14.4384337335	15.19656855
-0.000874665897293	0.320659831192	1.15662028975	2.38739927039	3.90620812362	5.63791183211	7.53299925765	9.55856031184	11.6918395257	13.916360824	16.219710412	18.5922811393	21.0265658286	23.5167597929	26.0585194315	28.6487718376	31.285510972	33.9675584295	36.6943038164	39.4654596783	42.2808646524
0.75
0.0462662730257	0.788372588779	1.53047890453	2.27258522029	3.01469153604	3.75679785179	4.49890416755	5.2410104833	5.98311679906	6.72522311481	7.46732943056	8.20943574632	8.95154206207	9.69364837782	10.4357546936	11.1778610093	11.9199673251	12.6620736408	13.4041799566	14.1462862723	14.8883925881
-0.000273891085342	0.555948768127	1.93610529339	3.92478895005	6.34426228388	9.06820456443	12.0162962685	15.0356423733	18.2927468872	21.5992815634	24.9728665299	28.4025540234	31.8802737465	35.4010249022	38.9622506971	42.5632306562	46.2045656416	49.8877566455	53.6148693451	57.3882742317	61.2104508165
0.9
0.025137796141	0.205261912634	0.385386029127	0.56551014562	0.745634262113	0.925758378606	1.1058824951	1.28600661159	1.46613072808	1.64625484458	1.82637896107	2.00650307756	2.18662719406	2.36675131055	2.54687542704	2.72699954354	2.90712366003	3.08724777652	3.26737189301	3.44749600951	3.627620126
0.0106295074253	0.645661915529	2.20883472999	4.55535369129	7.53960442394	11.0373306407	14.9500957515	19.2020738028	23.7349451523	28.5032393829	33.4706698694	38.6068157105	43.8393968196	49.3157447567	54.8324946727	60.4462093956	66.1423489707	71.9096476994	77.7384983593	83.6205513672	89.5484721936
