C:\Users\csrc\Desktop>python tecplotdata.py
Please input the path of the files:E:\meshgrid\Bodycenter\30
514.0   0.001   0.3     7.6e-05    0.0   0.325990312583  4.70021257203e-15   98.5941958638   1.62038974903e-13   0.00063423119316   6.72363260383e-21     0.0862973384875 -0.0862973384875   4.7612567427e-05    0.190269357948
514.0   0.001   0.3     8.6e-05    0.0   0.368866400206  5.59977376458e-15   98.5988398404   1.89057536987e-13   0.000717648863301  -4.62249741513e-21    0.0978115449818 -0.0978115449818   6.09635791929e-05   0.21529465899
514.0   0.001   0.3     9.2e-05    0.0   0.394589016517  7.09984114884e-15   98.6019004998   2.18136218724e-13   0.00076769355826   1.72293085473e-20     0.10473772293   -0.10473772293     6.97646564785e-05   0.230308067478
514.0   0.001   0.3     0.000102   0.0   0.437454469325  8.50014399996e-15   98.6074582457   2.66285881149e-13   0.000851090538097  -1.05056759435e-20    0.116310710403  -0.116310710403    8.57502083857e-05   0.255327161429
514.0   0.001   0.3     0.000114   0.0   0.488882904043  8.19991625554e-15   98.6148800741   2.88845173908e-13   0.000951147247267  -4.20227037739e-22    0.130246614587  -0.130246614587    0.000107105360506   0.28534417418
514.0   0.001   0.3     0.00012    0.0   0.514592614317  9.90041604026e-15   98.6188984285   3.09740595802e-13   0.0010011668332    -2.22720330002e-20    0.137234282875  -0.137234282875    0.000118671368041   0.300350049961
514.0   0.001   0.3     0.000134   0.0   0.574569155521  1.1099590971e-14    98.6290703105   3.59885041147e-13   0.00111785433119   -6.72363260383e-21    0.15358980299   -0.15358980299     0.000147961038666   0.335356299357
514.0   0.001   0.3     0.00014    0.0   0.600267528143  1.15004579689e-14   98.6337702068   3.45978460996e-13   0.00116785185944   -3.78204333965e-21    0.160621096346  -0.160621096346    0.000161500079392   0.350355557831
514.0   0.001   0.3     0.000154   0.0   0.660215567692  1.22008384375e-14   98.6455295152   3.74359790671e-13   0.00128448390673   -8.40454075478e-21    0.17707810408   -0.17707810408     0.000195391338217   0.38534517202
514.0   0.001   0.3     0.00016    0.0   0.685900850928  1.23986938461e-14   98.650908444    4.00295871754e-13   0.00133445596925   -2.52136222643e-21    0.184152758605  -0.184152758605    0.000210901505494   0.400336790775
514.0   0.001   0.3     0.000176   0.0   0.754373658886  1.32012720161e-14   98.6662447899   4.0350782069e-13    0.00146767340054   3.52990711701e-20     0.20308176905   -0.20308176905     0.000255150367417   0.440302020163
514.0   0.001   0.3     0.000272   0.0   1.16441000478   2.04991161955e-14   98.788277999    6.2574229652e-13    0.00226542059169   -5.29486067551e-20    0.318561760302  -0.318561760302    0.000608640967334   0.679626177507
514.0   0.001   0.3     0.000368   0.0   1.57263461211   2.8400621804e-14    98.9606223399   9.13615971071e-13   0.00305964299965   3.36181630191e-20     0.437219897478  -0.437219897478    0.0011121079401     0.917892899896
514.0   0.001   0.3     0.000464   0.0   1.97847549954   3.34999372293e-14   99.1812824281   1.10384965057e-12   0.00384922782025   -3.02563467172e-20    0.55891713183   -0.55891713183     0.00176400855923    1.15476834608
514.0   0.001   0.3     0.00056    0.0   2.38141548887   3.64979967407e-14   99.4478165296   1.25494580006e-12   0.00463316887024   4.70654282268e-20     0.683498290571  -0.683498290571    0.0025624298828     1.38995066107
514.0   0.001   0.3     0.000656   0.0   2.78099974734   4.44003987748e-14   99.7574341669   1.48033842129e-12   0.00541058126095   -3.36181630191e-21    0.810796460409  -0.810796460409    0.00350515008615    1.62317437829
514.0   0.001   0.3     0.000752   0.0   3.17683994524   4.78021398421e-14   100.107096349   1.70084779594e-12   0.00618070948714   2.35327141134e-20     0.940637271187  -0.940637271188    0.00458970334056    1.85421284614
514.0   0.001   0.3     0.000848   0.0   3.56861530025   4.55035433568e-14   100.49361159    1.63904653738e-12   0.00694292945868   -1.10939937963e-19    1.07284288545   -1.07284288545     0.00581344422336    2.0828788376
514.0   0.001   0.3     0.000944   0.0   3.95607099107   4.44002594378e-14   100.91372271    1.60370328128e-12   0.00769674541429   1.81538080303e-19     1.20723555098   -1.20723555098     0.00717360844192    2.30902362429
514.0   0.001   0.3     0.00104    0.0   4.33901452829   4.39957793944e-14   101.364181333   1.64601665631e-12   0.00844178286093   -2.01708978115e-20    1.34364062583   -1.34364062583     0.00866736759412    2.53253485828
514.0   0.001   0.3     0.001136   0.0   4.71731068739   4.48946496993e-14   101.841808766   1.60146895745e-12   0.00917777871592   1.10939937963e-19     1.48188903451   -1.48188903451     0.0102918766122     2.75333361478
514.0   0.001   0.3     0.001232   0.0   5.0908755607    3.89981924673e-14   102.343543255   1.39700057078e-12   0.00990456973473   -1.27749019473e-19    1.62182013469   -1.62182013469     0.0120443133342     2.97137092042
514.0   0.001   0.3     0.001328   0.0   5.45967020023   3.49995487643e-14   102.866474602   1.18340753863e-12   0.0106220801431    1.68090815096e-19     1.76336600389   -1.76336600389     0.0139219102677     3.18662404292
514.0   0.001   0.3     0.001424   0.0   5.82369422339   3.13093853551e-14   103.407867615   1.19629306461e-12   0.0113303091966    6.72363260383e-20     1.90631322497   -1.90631322497     0.0159219790463     3.39909275898
514.0   0.001   0.3     0.00152    0.0   6.18297965406   3.09993928957e-14   103.965176165   1.19430854095e-12   0.0120293191986    0.0                   2.05052895875   -2.05052895875     0.0180419283434     3.60879575959
514.0   0.001   0.3     0.001616   0.0   6.53758518298   2.5893331753e-14    104.536049602   1.14616649505e-12   0.0127192243334    2.48774406342e-19     2.19589053768   -2.19589053768     0.0202792761405     3.81576730003
514.0   0.001   0.3     0.001712   0.0   6.88759095748   2.38973350352e-14   105.118333211   1.01241237616e-12   0.0134001805296    -2.42050773738e-19    2.34228533889   -2.34228533889     0.0226316572776     4.02005415889
514.0   0.001   0.3     0.001808   0.0   7.2330939532    2.35999083096e-14   105.710064171   1.01264829855e-12   0.0140723764559    -4.10141588833e-19    2.4896104585    -2.4896104585      0.0250968271725     4.22171293676
514.0   0.001   0.3     0.001904   0.0   7.57420393816   2.14084718682e-14   106.309464276   1.01003927444e-12   0.0147360256685    3.22734364984e-19     2.63777224459   -2.63777224459     0.0276726625218     4.42080770056
514.0   0.001   0.3     0.002      0.0   7.91104000968   1.86042291124e-14   106.914930453   9.90568738146e-13   0.0153913598745    2.48774406342e-19     2.78668573743   -2.78668573743     0.0303571596877     4.61740796236

C:\Users\csrc\Desktop>python tecplotdata.py
Please input the path of the files:E:\meshgrid\Bodycenter\25
514.0   0.001   0.25    7.6e-005   0.0   0.520032779889  1.58993905301e-14   65.6541731431   3.89518116112e-13   0.0010117460581    3.21101027085e-17     0.101723835898  -0.101723835898 7.60902217678e-05       0.252936514525
514.0   0.001   0.25    8.6e-005   0.0   0.588350593502  1.88996504213e-14   65.6661748044   4.24003009352e-13   0.00114466129398   3.55576447486e-17     0.115518055039  -0.115518055039 9.74131994854e-05       0.286165323495
514.0   0.001   0.25    9.2e-005   0.0   0.629322566899  1.83992156401e-14   65.6740780179   4.63175281278e-13   0.00122437402545   3.79700745546e-17     0.123839516278  -0.123839516278 0.000111466249          0.306093506362
514.0   0.001   0.25    0.000102   0.0   0.697574899577  2.28004396505e-14   65.6884158161   5.43863504308e-13   0.00135716186651   4.51440940167e-17     0.137783071946  -0.137783071946 0.000136984562334       0.339290466627
514.0   0.001   0.25    0.000114   0.0   0.779415668316  2.539933875e-14     65.707535738    5.73418753886e-13   0.00151638659393   4.97196497126e-17     0.154637386382  -0.154637386382 0.00017106154904        0.379096648482
514.0   0.001   0.25    0.000120   0.0   0.820308467038  2.67002237559e-14   65.7178749673   6.16599165389e-13   0.00159594528906   5.15802980152e-17     0.16311413105   -0.16311413105  0.000189511544963       0.398986322265
514.0   0.001   0.25    0.000134   0.0   0.91564701559   3.17990180971e-14   65.7440073651   7.17129480798e-13   0.00178143052881   6.02586684175e-17     0.183020703289  -0.183020703289 0.000236214808052       0.445357632203
514.0   0.001   0.25    0.000140   0.0   0.956470750293  3.20993805065e-14   65.7560625531   7.40580340108e-13   0.00186085485815   6.23207355628e-17     0.191606351558  -0.191606351558 0.000257793869302       0.465213714537
514.0   0.001   0.25    0.000154   0.0   1.05163627928   3.3900401119e-14    65.7861720941   7.80854872949e-13   0.00204600348395   6.63403090239e-17     0.211764923326  -0.211764923326 0.000311785338066       0.511500870988
514.0   0.001   0.25    0.000160   0.0   1.09238084087   3.78007525777e-14   65.7999196451   8.75384400384e-13   0.00212527378001   7.30608078301e-17     0.22045763855   -0.22045763855  0.000336482041884       0.531318445001
514.0   0.001   0.25    0.000176   0.0   1.20090511166   3.99991289982e-14   65.839030506    9.17140278653e-13   0.00233641241617   7.62859713323e-17     0.243792906788  -0.243792906788 0.000406897216751       0.584103104044
514.0   0.001   0.25    0.000272   0.0   1.84733599861   6.65971027219e-14   66.1458261615   1.49338093974e-12   0.00359407159163   1.26968298327e-16     0.388340368269  -0.388340368269 0.000967259821758       0.898517897907
514.0   0.001   0.25    0.000368   0.0   2.4835417677    9.94995849442e-14   66.5665056631   2.39484473918e-12   0.00483183754167   1.93372753618e-16     0.540032824261  -0.540032824261 0.00175913807843        1.20795938542
514.0   0.001   0.25    0.000464   0.0   3.10719609233   1.36797335265e-13   67.0855055367   3.31329061409e-12   0.00604518433907   2.6636079312e-16      0.697931784386  -0.697931784386 0.0027746544021         1.51129608477
514.0   0.001   0.25    0.000560   0.0   3.71678529735   1.62902597308e-13   67.6861629237   4.11894823804e-12   0.00723116709054   3.17592899955e-16     0.861088142828  -0.861088142828 0.00400507666627        1.80779177263
514.0   0.001   0.25    0.000656   0.0   4.31152461001   1.9189838406e-13    68.3521646305   5.08153241707e-12   0.00838825900082   3.74972254731e-16     1.02860719967   -1.02860719967  0.00544147524729        2.0970647502
514.0   0.001   0.25    0.000752   0.0   4.89121744863   1.93601246603e-13   69.0685167908   5.35258642964e-12   0.00951607761533   3.74723408289e-16     1.19968741581   -1.19968741581  0.00707520109991        2.37901940383
514.0   0.001   0.25    0.000848   0.0   5.45610121679   1.81397073503e-13   69.8220585406   5.15733289408e-12   0.0106150848087    3.53546020043e-16     1.37366206037   -1.37366206037  0.00889818218063        2.65377120217
514.0   0.001   0.25    0.000944   0.0   6.0067070624    1.52903970842e-13   70.6016271123   4.47636372414e-12   0.0116863139426    2.95914374564e-16     1.55009457505   -1.55009457505  0.0109030714186         2.92157848566
514.0   0.001   0.25    0.001040   0.0   6.54374593527   1.27802742585e-13   71.3979974347   3.94988208807e-12   0.012731148188     2.48558430766e-16     1.72837961048   -1.72837961048  0.0130832899292         3.18278704699
514.0   0.001   0.25    0.001136   0.0   7.06802305705   1.10803612955e-13   72.203698911    3.81901454904e-12   0.0137511541238    2.1717305432e-16      1.90812474433   -1.90812474433  0.015433004932          3.43778853095
514.0   0.001   0.25    0.001232   0.0   7.58037761163   8.03962020689e-14   73.0127812176   2.88515045188e-12   0.0147479644036    1.55941900416e-16     2.08901189748   -2.08901189748  0.0179470721478         3.68699110089
514.0   0.001   0.25    0.001328   0.0   8.08164256289   7.0911743342e-14    73.8205731532   2.59500754218e-12   0.0157231995796    1.37182156341e-16     2.27078425188   -2.27078425188  0.0206209626562         3.93079989491
514.0   0.001   0.25    0.001424   0.0   8.57261947558   5.20004461515e-14   74.6234581618   1.99981697868e-12   0.0166784191164    1.01505584731e-16     2.45323468613   -2.45323468613  0.0234506864117         4.16960477911
514.0   0.001   0.25    0.001520   0.0   9.05406398219   4.84893048497e-14   75.4186769692   1.95227167765e-12   0.0176150931161    9.2838393567e-17      2.63619599302   -2.63619599302  0.0264327191753         4.40377327903
514.0   0.001   0.25    0.001616   0.0   9.52667851167   3.75006828975e-14   76.2041600694   1.56469281976e-12   0.018534588172     7.2336937352e-17      2.81953283445   -2.81953283445  0.0295639361373         4.633647043
514.0   0.001   0.25    0.001712   0.0   9.99110979215   3.38097097248e-14   76.9783887485   1.54806722996e-12   0.0194381625099    6.72503954762e-17     3.00313524585   -3.00313524585  0.032841553423          4.85954062748
514.0   0.001   0.25    0.001808   0.0   10.44794937     3.15055132929e-14   77.7402815054   1.36643474313e-12   0.0203269669985    5.97623339375e-17     3.18691345433   -3.18691345433  0.0362630775168         5.08174174963
514.0   0.001   0.25    0.001904   0.0   10.897735938    2.97984869473e-14   78.4891021511   1.07228115276e-12   0.021202049678     5.50582356063e-17     3.37079377626   -3.37079377626  0.0398262620565         5.30051241949
514.0   0.001   0.25    0.002000   0.0   11.3409586636   2.45968296661e-14   79.2243859427   1.06575859249e-12   0.0220643622359    4.73314666323e-17     3.55471538417   -3.55471538417  0.043529071195          5.51609055897

C:\Users\csrc\Desktop>python tecplotdata.py                                                                                                                                                                                                                                            
Please input the path of the files:E:\meshgrid\Bodycenter\45                                                                                                                                                                                                                           
514.0   0.001   0.45    7.6e-05   0.0    0.0185218855896 3.26799976713e-13   1256.98385359       3.60380263585e-05         5.77812176891e-22   0.0395944074625    -0.0395944074626        2.6195896379e-06       0.0162171118613        
514.0   0.001   0.45    8.6e-05   0.0    0.0209589741091 -3.00700019551e-13  1256.98395492       4.07798686446e-05         -5.77812176891e-22  0.0448042967826    -0.0448042967826        3.35430805384e-06      0.0183509408901        
514.0   0.001   0.45    9.2e-05   0.0    0.022421226925  -1.76699987824e-13  1256.98402172       4.36249734408e-05         -2.23245613799e-21  0.0479302413064    -0.0479302413064        3.83867790434e-06      0.0196312380484        
514.0   0.001   0.45    0.000102  0.0    0.0248583144081 3.93500012665e-13   1256.98414307       4.83668137107e-05         1.89102166983e-21   0.0531401670166    -0.0531401670166        4.71852562158e-06      0.0217650661698
514.0   0.001   0.45    0.000114  0.0    0.0277828184018 -5.97000290746e-14  1256.9843052        5.40570201159e-05         1.41826625237e-21   0.0593921077627    -0.0593921077627        5.89407445771e-06      0.0243256590522        
514.0   0.001   0.45    0.00012   0.0    0.0292450699583 -3.00500011054e-13  1256.98439302       5.69021224623e-05         -1.49705882195e-21  0.0625180903295    -0.0625180903294        6.53082994409e-06      0.025605955108         
514.0   0.001   0.45    0.000134  0.0    0.0326569890075 -3.60100031486e-13  1256.98461545       6.35406921724e-05         3.15170278304e-22   0.0698120811593    -0.0698120811593        8.14358060055e-06      0.0285933114776
514.0   0.001   0.45    0.00014   0.0    0.034119239455  -5.38000047531e-13  1256.98471828       6.63857923611e-05         6.30340556609e-22   0.0729380906956    -0.0729380906956        8.88918278208e-06      0.0298736065625        
514.0   0.001   0.45    0.000154  0.0    0.0375311557126 6.17699967849e-13   1256.98497574       7.30243566402e-05         2.91532507431e-21   0.0802321442562    -0.0802321442562        1.07559088489e-05      0.0328609604881
514.0   0.001   0.45    0.00016   0.0    0.0389934048766 5.37599967981e-13   1256.98509359       7.58694543315e-05         2.1011351887e-21    0.0833581805922    -0.0833581805922        1.16103575383e-05      0.0341412544492        
514.0   0.001   0.45    0.000176  0.0    0.0428927338885 6.78100003755e-13   1256.98542986       8.34563774382e-05         2.57389060615e-21   0.0916943165907    -0.0916943165907        1.4048528668e-05       0.0375553698472
514.0   0.001   0.45    0.000272  0.0    0.0662886286741 -7.62200090879e-13  1256.98812001       0.000128977761826         -9.45510834913e-21  0.141712312025     -0.141712312025         3.35538483055e-05      0.0580399928217        
514.0   0.001   0.45    0.000368  0.0    0.0896843410457 1.65089997086e-12   1256.99196303       0.000174498791323         7.248916401e-21     0.191732284165     -0.191732284165         6.14184383032e-05      0.0785244560956                
514.0   0.001   0.45    0.000464  0.0    0.113079806631  -1.85299970282e-12  1256.99695888       0.000220019340691         2.52136222643e-21   0.241754170476     -0.241754170476         9.76421373666e-05      0.0990087033111        
514.0   0.001   0.45    0.00056   0.0    0.136474961064  -2.16969990182e-12  1257.0031075        0.000265539284705         -1.15562435378e-20  0.291777908481     -0.291777908481         0.000142224735826      0.119492678117                 
514.0   0.001   0.45    0.000656  0.0    0.159869739989  -2.17919966405e-12  1257.01040879       0.000311058498158         8.61465427365e-21   0.34180343576      -0.34180343576          0.000195165975646      0.139976324171         
514.0   0.001   0.45    0.000752  0.0    0.183264079062  -2.4571997983e-12   1257.01886268       0.000356576855868         -1.63888544718e-20  0.391830689953     -0.391830689953         0.000256465550437      0.16045958514          
514.0   0.001   0.45    0.000848  0.0    0.206657913951  3.32259999149e-12   1257.02846905       0.000402094232675         -2.08012383681e-20  0.441859608757     -0.441859608757         0.000326123105474      0.180942404704         
514.0   0.001   0.45    0.000944  0.0    0.230051180341  3.60949887551e-12   1257.03922778       0.000447610503452         -1.15562435378e-20  0.491890129932     -0.491890129932         0.000404138237707      0.201424726554                 
514.0   0.001   0.45    0.00104   0.0    0.253443813933  3.6084999854e-12    1257.05113873       0.000493125543106         -1.19764705756e-20  0.541922191294     -0.541922191294         0.000490510495784      0.221906494398                 
514.0   0.001   0.45    0.001136  0.0    0.276835750447  4.02789986161e-12   1257.06420175       0.000538639226578         -4.62249741513e-21  0.591955730723     -0.591955730723         0.000585239380076      0.24238765196          
514.0   0.001   0.45    0.001232  0.0    0.300226925627  -4.23219983286e-12  1257.07841667       0.000584151428854         -7.5640866793e-21   0.64199068616      -0.64199068616          0.000688324342691      0.262868142984         
514.0   0.001   0.45    0.001328  0.0    0.323617275237  -4.41310025725e-12  1257.09378332       0.000629662024962         -9.665221868e-21    0.692026995607     -0.692026995607         0.000799764787512      0.283347911233         
514.0   0.001   0.45    0.001424  0.0    0.347006735068  3.89799992822e-12   1257.11030149       0.000675170889983         1.26068111322e-20   0.742064597129     -0.742064597129         0.000919560070216      0.303826900492         
514.0   0.001   0.45    0.00152   0.0    0.370395240936  5.32490052312e-12   1257.12797098       0.000720677899045         1.84899896605e-20   0.792103428856     -0.792103428856         0.00104770949831       0.32430505457                  
514.0   0.001   0.45    0.001616  0.0    0.393782728689  3.73369992351e-12   1257.14679156       0.000766182927337         -2.52136222643e-21  0.842143428978     -0.842143428978         0.00118421233116       0.344782317301         
514.0   0.001   0.45    0.001712  0.0    0.417169134201  5.06629924338e-12   1257.16676299       0.000811685850105         -6.30340556609e-21  0.892184535753     -0.892184535753         0.00132906778003       0.365258632547         
514.0   0.001   0.45    0.001808  0.0    0.440554393388  -2.5112994113e-12   1257.18788501       0.000857186542663         1.00854489057e-20   0.942226687502     -0.942226687502         0.00148227500812       0.385733944198         
514.0   0.001   0.45    0.001904  0.0    0.463938442186  -7.16130004912e-12  1257.21015737       0.000902684880387         -1.30270381699e-20  0.992269822614     -0.992269822614         0.0016438331306        0.406208196174                 
514.0   0.001   0.45    0.002     0.0    0.487321216585  -6.75409949873e-12  1257.23357976       0.00094818073873          -1.05056759435e-20  1.04231387954      -1.04231387954          0.00181374121466       0.426681332428 
514.0   0.001   0.45    0.0022    0.0    0.536030957137  -1.06439923733e-12  1257.28606882       0.00104295526959          3.8660887472e-20    1.14657502348      -1.14657502348          0.0021945304986        0.469329871315        
514.0   0.001   0.45    0.00234   0.0    0.570124009702  -7.11740113795e-12  1257.32577879       0.0011092901147           -2.14315789247e-20  1.21955974885      -1.21955974885          0.00248263884596       0.499180551614        
514.0   0.001   0.45    0.0024    0.0    0.584734310842  4.59699972371e-12   1257.34354518       0.00113771737468          1.26068111322e-20   1.25083934665      -1.25083934665          0.00261154708517       0.511972818608
514.0   0.001   0.45    0.00254   0.0    0.618822549192  6.9459983144e-13    1257.38674439       0.00120404285361          -6.55554178873e-20  1.32382596796      -1.32382596796          0.00292500838861       0.541819284124
514.0   0.001   0.45    0.00284   0.0    0.691856364699  6.99970080486e-12   1257.48753247       0.00134614473684          -8.40454075478e-21  1.48022932197      -1.48022932197          0.00365645092622       0.605765131576
514.0   0.001   0.45    0.0031    0.0    0.755137428945  7.39839957196e-12   1257.58393928       0.00146927069608          1.34472652077e-20   1.6157815326       -1.6157815326           0.00435623638368       0.661171813236
514.0   0.001   0.45    0.00364   0.0    0.886517418962  7.29339973606e-12   1257.81100057       0.00172489673588          2.01708978115e-20   1.89731543946      -1.89731543946          0.00600493559018       0.776203531147
514.0   0.001   0.45    0.00414   0.0    1.0080974371    5.21280093467e-12   1258.05347407       0.0019614549828           -7.31195045666e-20  2.15799017581      -2.15799017581          0.00776637268926       0.882654742258        
514.0   0.001   0.45    0.0046    0.0    1.11988536625   1.72698429687e-13   1258.30384919       0.0021789607732           1.21025386869e-19   2.39779936412      -2.39779936412          0.00958610807273       0.980532347942        
514.0   0.001   0.45    0.0051    0.0    1.24131434972   1.14189951544e-12   1258.60558324       0.00241522517835          -1.84899896605e-20  2.65844108613      -2.65844108613          0.0117803314127        1.08685133026     
514.0   0.001   0.45    0.00614   0.0    1.4935836386    5.46260114205e-12   1259.33146611       0.00290606565327         -5.43383059101e-18   3.20047206605      -3.20047206605          0.0170643836185        1.30772954397
514.0   0.001   0.45    0.0071    0.0    1.72602922755   1.96640079644e-12   1260.11856547       0.00335833521911         -3.0951556766e-18    3.70063120672      -3.70063120672          0.0228026477481        1.5112508486
514.0   0.001   0.45    0.00814   0.0    1.97732070684   4.75701709757e-13   1261.09692618       0.00384727334074         -2.52197941046e-18   4.24220999582      -4.24220999582          0.0299476740006        1.73127300333
514.0   0.001   0.45    0.0091    0.0    2.20873519814   3.615013509e-13     1262.11487522       0.00429753688003         -2.58108017555e-18   4.74182831849      -4.74182831849          0.0373963148091        1.93389159601
514.0   0.001   0.45    0.01014   0.0    2.45877389281   6.02397319293e-13   1263.34064571       0.00478403767749         -2.72715055808e-18   5.28269015003      -5.28269015003          0.0463851512708        2.15281695487
514.0   0.001   0.45    0.01114   0.0    2.69848430011   3.12501735804e-13   1264.63839235       0.00525044283092         -4.87939282995e-18   5.80230351866      -5.80230351866          0.0559248811507        2.36269927391
514.0   0.001   0.45    0.0121    0.0    2.92789316789   3.92799851034e-13   1265.99260568       0.00569680437892         -5.83224851325e-18   6.3006647618       -6.3006647618           0.065904840121         2.56356197051
514.0   0.001   0.45    0.01314   0.0    3.17557041459   3.47402933455e-13   1267.57771113       0.00617871091963         -6.09764253082e-18   6.83997863105      -6.83997863105          0.0776187756692        2.78041991383
514.0   0.001   0.45    0.01414   0.0    3.4128316566    3.37599643692e-13   1269.21579511       0.00664035116004         -7.20632722084e-18   7.35792532962      -7.35792532962          0.0897607003196        2.98815802202
514.0   0.001   0.45    0.0151    0.0    3.63973095201   2.89795893428e-13   1270.89168636       0.00708183027154         -7.67169236387e-18   7.85452619748      -7.85452619748          0.102220984488         3.18682362219
514.0   0.001   0.45    0.0161    0.0    3.87512684836   5.11302856472e-13   1272.74315137       0.00753984143479         -6.93949953452e-18   8.37111248773      -8.37111248773          0.116031211942         3.39292864566
                
                                                                                                                                                                                                                                                                                                                                                                                                                                                                                                                             
Please input the path of the files:E:\meshgrid\Bodycenter\10                                                                                                                                                                                                                           
514.0   0.001   0.1     7.6e-05   0.0   1.79784486934   4.27898320329e-13   21.3002103679   4.00004898995e-12    0.00349775842189  8.32885411203e-16    0.197264331119   -0.197264331119 0.000263267330367  0.349775842189                 
514.0   0.001   0.1     8.6e-05   0.0   2.02530198499   5.80101771842e-13   21.3959303332   5.42990392233e-12    0.00394028275079  1.12727945715e-15    0.225920371208   -0.225920371208 0.000335577316081  0.394028275079                 
514.0   0.001   0.1     9.2e-05   0.0   2.16041846637   6.93399668128e-13   21.457170727    6.48302852374e-12    0.00420315573722  1.34988368245e-15    0.243347798869   -0.243347798869 0.0003829243496    0.420315573722                         
514.0   0.001   0.1     0.000102  0.0   2.38328202253   9.52101701935e-13   21.5648897062   8.87862092874e-12    0.00463674317996  1.85056905702e-15    0.272750724349   -0.272750724349 0.000468309498087  0.463674317996         
514.0   0.001   0.1     0.000114  0.0   2.64680429653   1.39629767711e-12   21.7022879929   1.30556902095e-11    0.00514943333811  2.71594348331e-15    0.308568519474   -0.308568519475 0.000581227440971  0.514943333811         
514.0   0.001   0.1     0.00012   0.0   2.77695272687   1.66849798699e-12   21.7738516151   1.56119735195e-11    0.0054026408556   3.2446484981e-15     0.326674601329   -0.326674601329 0.000641873588497  0.54026408556                          
514.0   0.001   0.1     0.000134  0.0   3.07646799811   2.47769748037e-12   21.9469861848   2.32855124072e-11    0.00598535645172  4.82208922201e-15    0.369374778128   -0.369374778128 0.000793980255446  0.598535645172         
514.0   0.001   0.1     0.00014   0.0   3.20306586872   2.95360287741e-12   22.0234147274   2.77932746262e-11    0.00623165626546  5.74542377156e-15    0.387850058274   -0.387850058274 0.000863625911598  0.623165626546                 
514.0   0.001   0.1     0.000154  0.0   3.49443127426   4.1359981816e-12    22.2058142355   3.91671521605e-11    0.00679851609175  8.04738897815e-15    0.431315732982   -0.431315732983 0.0010362863459    0.679851609175                 
514.0   0.001   0.1     0.00016   0.0   3.6176132628    4.81320092933e-12   22.2853945716   4.57414592314e-11    0.00703817022051  9.36450232808e-15    0.450081335288   -0.450081335289 0.00111455968936   0.703817022051                 
514.0   0.001   0.1     0.000176  0.0   3.94132429994   6.70939879083e-12   22.5005416055   6.44175476849e-11    0.00766795944268  1.30534414081e-14    0.500470309034   -0.500470309035 0.0013355456621    0.766795944268                 
514.0   0.001   0.1     0.000272  0.0   5.75844319298   1.91124947539e-11   23.8005092014   1.98515481831e-10    0.0112032174804   3.71833848994e-14    0.809527042229   -0.809527042233 0.00301330124328   1.12032174804                                  
514.0   0.001   0.1     0.000368  0.0   7.4177580456    1.77531054204e-11   24.9975558146   2.03767225315e-10    0.0144314637663   3.45387068744e-14    1.12364065988    -1.12364065989  0.00524801252435   1.44314637663                  
514.0   0.001   0.1     0.000464  0.0   8.97526914628   9.77949248952e-12   26.049107965    1.23551724407e-10    0.0174616482779   1.90273541959e-14    1.43907414505    -1.43907414505  0.008001870958     1.74616482779                                  
514.0   0.001   0.1     0.00056   0.0   10.4636128852   4.96449210222e-12   26.9667549253   6.81786294088e-11    0.0203572659379   9.6588453048e-15     1.75466501673    -1.75466501673  0.0112534655349    2.03572659379                                  
514.0   0.001   0.1     0.000656  0.0   11.901726094    2.91391398061e-12   27.7725774391   4.29508373312e-11    0.0231551588311   5.67037428592e-15    2.07005396363    -2.07005396363  0.0149882795598    2.31551588311                          
514.0   0.001   0.1     0.000752  0.0   13.3009846474   1.7128110699e-12    28.4876301701   2.66188737719e-11    0.0258774590096   3.33280813933e-15    2.3851581747     -2.3851581747   0.0191948755079    2.58774590096                          
514.0   0.001   0.1     0.000848  0.0   14.6685172296   1.15521921219e-12   29.1294235025   1.89770976711e-11    0.0285380355088   2.2474177913e-15     2.69999269647    -2.69999269647  0.0238633016419    2.85380355088                          
514.0   0.001   0.1     0.000944  0.0   16.0089965575   8.83411951854e-13   29.7118788934   1.50905954399e-11    0.0311459792173   1.71637705438e-15    3.01460083852    -3.01460083852  0.0289844165409    3.11459792173                          
514.0   0.001   0.1     0.00104   0.0   17.3256365974   7.04519638632e-13   30.2458889732   1.23652199591e-11    0.0337075429882   1.36886694616e-15    3.32902501333    -3.32902501333  0.0345496145024    3.37075429882                                  
514.0   0.001   0.1     0.001136  0.0   18.6207644778   5.93193337739e-13   30.7399405306   1.09239284285e-11    0.0362272543088   1.15288703908e-15    3.64329515596    -3.64329515596  0.040550728384     3.62272543088                          
514.0   0.001   0.1     0.001232  0.0   19.896156171    5.09785593459e-13   31.2006548913   9.74703651124e-12    0.0387085683779   9.92779459969e-16    3.95742553801    -3.95742553801  0.0469800069293    3.87085683779                          
514.0   0.001   0.1     0.001328  0.0   21.1532366968   4.76822576174e-13   31.6332209406   9.28179755277e-12    0.0411542576076   9.27885987713e-16    4.27141560007    -4.27141560007  0.0538301180069    4.11542576076                          
514.0   0.001   0.1     0.001424  0.0   22.3932007606   4.14673088822e-13   32.0417310367   8.32478530555e-12    0.0435666463277   8.07153158748e-16    4.58525250563    -4.58525250563  0.0610941555586    4.35666463277                          
514.0   0.001   0.1     0.00152   0.0   23.6170859337   3.86898964879e-13   32.4294378203   7.72382158232e-12    0.0459477531593   7.47613574253e-16    4.89891418761    -4.89891418761  0.0687656412181    4.59477531593                                  
514.0   0.001   0.1     0.001616  0.0   24.825817291    3.50602230895e-13   32.7989492731   7.01716462714e-12    0.0482993778589   6.83575098168e-16    5.21237226234    -5.21237226234  0.0768385180688    4.82993778589                          
514.0   0.001   0.1     0.001712  0.0   26.0202348372   3.40788764667e-13   33.1523765218   7.1461725426e-12     0.050623154677    6.63197376588e-16    5.52559453248    -5.52559453248  0.0853071370031    5.0623154677                           
514.0   0.001   0.1     0.001808  0.0   27.2011105739   2.99961163357e-13   33.4914458334   6.02840000141e-12    0.0529205855623   5.82978119105e-16    5.83854699342    -5.83854699342  0.0941662373151    5.29205855623                          
514.0   0.001   0.1     0.001904  0.0   28.3691593626   2.78620574827e-13   33.8175836105   5.62927482406e-12    0.0551930612958   5.39648330274e-16    6.151195358      -6.151195358    0.103410923402     5.51930612958                          
514.0   0.001   0.1     0.002     0.0   29.525046103    2.7242033431e-13    34.1319810635   5.89772675141e-12    0.0574418754568   5.3029667871e-16     6.46350615992    -6.46350615992  0.113036639276     5.74418754568   


C:\Users\csrc\Desktop>python tecplotdata.py                                                                                                                                                                                                                                                                           
Please input the path of the files:E:\meshgrid\Bodycenter\40                                                                                                                                                                                                                           
514.0   0.001   0.4     7.6e-05   0.0   0.0752408726932 5.56900076809e-13   353.996617371   -1.7872957888e-12   0.000146388865128  -1.02325742065e-19    0.0567058769654  -0.0567058769654  1.08737501646e-05  0.058555546051         
514.0   0.001   0.4     8.6e-05   0.0   0.0851408685917 7.42700057665e-13   353.997111833   -1.45224842351e-12  0.000165650326527  2.74398400599e-19     0.0641722748067  -0.0641722748067  1.39235007776e-05  0.0662601306108        
514.0   0.001   0.4     9.2e-05   0.0   0.0910808453186 4.57899932716e-13   353.99743781    -1.00588569592e-12  0.000177207162872  -1.94618522317e-19    0.0686526804628  -0.0686526804628  1.59340723073e-05  0.0708828651488        
514.0   0.001   0.4     0.000102  0.0   0.100980768284  7.30899967452e-13   353.998029932   3.07842848977e-13   0.000196468482383  -3.20427884624e-19    0.0761209671286  -0.0761209671286  1.95862243172e-05  0.0785873929531
514.0   0.001   0.4     0.000114  0.0   0.112860606443  -1.16830031306e-12  353.998821044   4.5243154519e-12    0.000219581930767  6.39072191565e-21     0.0850844667718  -0.0850844667718  2.4465780969e-05   0.0878327723066
514.0   0.001   0.4     0.00012   0.0   0.118800494549  7.15299709644e-13   353.999249556   -7.95731915689e-13  0.0002311385947    -1.85055634486e-20    0.0895668522573  -0.0895668522573  2.71088647746e-05  0.0924554378799                
514.0   0.001   0.4     0.000134  0.0   0.132660145512  -2.10489989471e-12  354.000334859   3.14111222113e-12   0.000258103972777  5.6093667511e-19      0.100027397562   -0.100027397562   3.38031415619e-05  0.103241589111         
514.0   0.001   0.4     0.00014   0.0   0.138599955575  1.31470025312e-12   354.000836604   -2.54893320535e-12  0.000269660484876  -2.60458970977e-19    0.104511193007   -0.104511193007   3.68980066385e-05  0.10786419395                  
514.0   0.001   0.4     0.000154  0.0   0.152459410113  1.3951001611e-12    354.002092773   -4.08944350551e-12  0.00029662548079   -3.44082205868e-19    0.114975024136   -0.114975024136   4.46464248214e-05  0.118650192316         
514.0   0.001   0.4     0.00016   0.0   0.158399129849  -2.24020002095e-12  354.002667742   4.67347212633e-12   0.000308181817156  -6.2798360201e-19     0.119460226043   -0.119460226043   4.81930579779e-05  0.123272726863                 
514.0   0.001   0.4     0.000176  0.0   0.17423823529   6.15899777445e-13   354.004308376   -2.1861895432e-12   0.000338998427775  -5.47790580545e-19    0.131422823085   -0.131422823085   5.83133217384e-05  0.13559937111          
514.0   0.001   0.4     0.000272  0.0   0.269267290651  1.61509993439e-12   354.01743123    -1.0742152068e-12   0.000523887240735  -3.072701823e-19      0.203260979697   -0.203260979697   0.000139271953915  0.209554896294                 
514.0   0.001   0.4     0.000368  0.0   0.364283520687  -2.7035998311e-12   354.036171329   3.66676906395e-12   0.000708751101705  1.89321312372e-18     0.275205481417   -0.275205481417   0.000254916422372  0.283500440682         
514.0   0.001   0.4     0.000464  0.0   0.459282414266  -5.63799750778e-13  354.060521453   1.36923033133e-12   0.000893581234157  4.61166769631e-19     0.347255053932   -0.347255053932   0.000405235391327  0.357432493663         
514.0   0.001   0.4     0.00056   0.0   0.554259474093  -1.6731993746e-12   354.090472245   1.53810537711e-12   0.00107836888849   -1.20183467041e-18    0.41940843208    -0.41940843208    0.000590214146981  0.431347555397                 
514.0   0.001   0.4     0.000656  0.0   0.649210220248  4.85210051991e-12   354.126012227   -1.26888150899e-11  0.00126310534891   -2.84016616433e-18    0.491664360523   -0.491664360523   0.000809834615175  0.505242139566         
514.0   0.001   0.4     0.000752  0.0   0.744130193671  -3.60949957899e-12  354.167127831   7.72264340692e-12   0.0014477819402    -4.45115473686e-19    0.564021594346   -0.564021594346   0.00106407538297   0.579112776082                 
514.0   0.001   0.4     0.000848  0.0   0.839014959564  -1.32259959374e-12  354.213803424   -1.56424813423e-12  0.00163239003436   -1.26273511118e-18    0.636478899577   -0.636478899577   0.0013529117241    0.652956013744                 
514.0   0.001   0.4     0.000944  0.0   0.93386011075   1.73010015485e-12   354.266021344   -2.55601833102e-12  0.0018169210571    -3.17556123965e-19    0.709035053623   -0.709035053623   0.0016763156281    0.726768422841                         
514.0   0.001   0.4     0.00104   0.0   1.02866127093   1.86660068744e-12   354.323761938   -1.99063693047e-12  0.00200136649422   -2.85453113244e-18    0.781688845635   -0.781688845635   0.00203425583314   0.800546597689                 
514.0   0.001   0.4     0.001136  0.0   1.12341409781   -6.42670030701e-12  354.387003603   5.16209926367e-12   0.00218571789774   -5.88040964648e-19    0.854439076779   -0.85443907678    0.00242669786232   0.874287159097         
514.0   0.001   0.4     0.001232  0.0   1.21811428633   6.68599841013e-12   354.455722833   2.32060594699e-12   0.0023699668919    -3.52852610731e-18    0.927284560441   -0.927284560441   0.00285360406333   0.947986756759                 
514.0   0.001   0.4     0.001328  0.0   1.31275757135   7.12599429271e-13   354.529894261   -2.58751331993e-12  0.00255410517891   -3.09885222419e-19    1.00022412236    -1.00022412236    0.00331493365132   1.02164207156          
514.0   0.001   0.4     0.001424  0.0   1.40733973078   -3.12330181446e-12  354.60949072    -2.80842298202e-12  0.00273812454453   -3.79401056446e-18    1.07325660064    -1.07325660064    0.00381064275485   1.09524981781                  
514.0   0.001   0.4     0.00152   0.0   1.50185658813   6.15609893143e-12   354.694483289   -1.73941742086e-11  0.00292201686338   -1.09658770864e-20    1.14638084579    -1.14638084579    0.00434068446471   1.16880674535                  
514.0   0.001   0.4     0.001616  0.0   1.59630401532   7.16959831873e-12   354.784841352   7.72527441323e-13   0.00310577410403   5.40653278513e-19     1.21959572056    -1.21959572056    0.00490500888549   1.24230964161          
514.0   0.001   0.4     0.001712  0.0   1.69067793497   -9.51240105622e-12  354.880532658   -1.24215694154e-11  0.00328938833382   -5.81387577692e-19    1.29290009982    -1.29290009982    0.00550356318965   1.31575533353          
514.0   0.001   0.4     0.001808  0.0   1.78497432276   5.71770390755e-12   354.981523377   -9.25484515413e-13  0.00347285172352   -3.14084822486e-18    1.36629287036    -1.36629287036    0.00613629167405   1.38914068941          
514.0   0.001   0.4     0.001904  0.0   1.87918920989   -5.83049737084e-12  355.087778168   9.74263595147e-12   0.00365615655158   -2.41144005612e-18    1.43977293056    -1.43977293056    0.00680313581859   1.46246262063          
514.0   0.001   0.4     0.002     0.0   1.97331868492   2.35640230504e-12   355.199260232   -2.86982763942e-12  0.00383929520826   -3.06545462386e-18    1.51333919008    -1.51333919008    0.00750403434689   1.5357180833                   
514.0   0.001   0.4     0.00214   0.0   2.11042978661   4.73349911047e-12   355.371129096   1.03847225957e-12   0.00410605909024   -5.8193012826e-18     1.62077560583   -1.62077560583     0.0085870888875    1.6424236361
514.0   0.001   0.4     0.0022    0.0   2.16913066399   2.35539720093e-12   355.44813503    3.82569583651e-12   0.00422026774578   -4.8538330939e-19     1.66687437983   -1.66687437983     0.0090733329076    1.68810709831
514.0   0.001   0.4     0.00234   0.0   2.30595033591   3.79760233138e-12   355.635553491   1.23876169739e-12   0.00448646464379   -4.95580034821e-18    1.77456368176   -1.77456368176     0.0102592918704    1.79458585751
514.0   0.001   0.4     0.0024    0.0   2.36452132196   -1.01559776733e-12  355.719167076   6.55418948281e-12   0.00460042059244   -1.25819036868e-19    1.82076940863   -1.82076940863     0.0107895415352    1.84016823698
514.0   0.001   0.4     0.00254   0.0   2.5010265093    9.04700012059e-13   355.921867377   1.73325676728e-12   0.00486600565274   -4.19634203544e-18    1.92870497192   -1.92870497192     0.0120779466284    1.9464022611
514.0   0.001   0.4     0.00284   0.0   2.79273821406   1.17409542591e-12   356.391501292   4.13279827027e-12   0.00543356122197   9.17210577216e-19     2.16055882323   -2.16055882323     0.0150789987837    2.17342448879
514.0   0.001   0.4     0.0031    0.0   3.04460947952   6.17006594166e-14   356.836526711   2.26245758239e-12   0.00592360313293   -5.15667155363e-18    2.36210083739   -2.36210083739     0.0179432462677    2.36944125317
514.0   0.001   0.4     0.00364   0.0   3.564644725     4.2310692388e-13    357.869170076   4.27990975993e-14   0.00693538638113   5.72287590808e-19     2.78238546305   -2.78238546306     0.0246653869685    2.77415455245
514.0   0.001   0.4     0.00414   0.0   4.04209455075   4.33105223286e-13   358.949187334   3.89399276712e-12   0.00786431554222   -9.07605330044e-19    3.17345665238   -3.17345665237     0.0318081375017    3.14572621689
514.0   0.001   0.4     0.0046    0.0   4.47759156894   8.8369377835e-13    360.041368237   1.60885194056e-13   0.00871162137915   -4.92329330866e-18    3.53475092498   -3.53475092498     0.0391466618198    3.48464855166
514.0   0.001   0.4     0.0051    0.0   4.9466010524    4.48508065539e-13   361.328547633   4.56470972132e-12   0.00962412964085   1.67995739738e-18     3.92897502677   -3.92897502677     0.047942857413     3.84965185634
                                                                                                                                                                                                                                                                                      
C:\Users\csrc\Desktop>python tecplotdata.py                                                                                                                                                                                                                                            
Please input the path of the files:E:\meshgrid\Bodycenter\15                                                                                                                                                                                                                           
514.0   0.001   0.15    7.6e-05   0.0   1.20832035153   1.15902085847e-13   30.8777883148   1.47058819115e-12   0.00235082544677   2.24518911855e-16     0.151283099632  -0.151283099632 0.000177047462445  0.352623817015                 
514.0   0.001   0.15    8.6e-05   0.0   1.36473612531   1.40299238322e-13   30.9360203267   1.79801399464e-12   0.00265513729625   2.73734276548e-16     0.172888764665  -0.172888764665 0.000226271328911  0.398270594438                 
514.0   0.001   0.15    9.2e-05   0.0   1.458162584     1.53699917432e-13   30.9739473876   1.96291117041e-12   0.00283690143789   3.0041329971e-16      0.186021425563  -0.186021425563 0.000258623868807  0.425535215684                 
514.0   0.001   0.15    0.000102  0.0   1.61311806868   1.90899055859e-13   31.0419283401   2.41817676994e-12   0.00313837225801   3.72456010359e-16     0.208180063551  -0.208180063551 0.000317195948858  0.470755838701         
514.0   0.001   0.15    0.000114  0.0   1.79773913672   2.39499204817e-13   31.130984141    3.06078079548e-12   0.00349755842194   4.65067625686e-16     0.23519693617   -0.23519693617  0.000395071022442  0.524633763291                 
514.0   0.001   0.15    0.00012   0.0   1.88947864404   2.73099727261e-13   31.1784074472   3.48779165271e-12   0.00367604055703   5.30129735891e-16     0.248871399526  -0.248871399526 0.000437076557374  0.551406083555                 
514.0   0.001   0.15    0.000134  0.0   2.10198502363   3.6279888319e-13    31.2960729463   4.66610517585e-12   0.00408947850098   7.06336878097e-16     0.281183797196  -0.281183797196 0.00054293210905   0.613421775147         
514.0   0.001   0.15    0.00014   0.0   2.19237279834   3.98699464364e-13   31.3493321086   5.09994216996e-12   0.00426533080608   7.75359778635e-16     0.295196979551  -0.295196979551 0.000591620349226  0.639799620912                 
514.0   0.001   0.15    0.000154  0.0   2.40162417979   5.22297340581e-13   31.4796814822   6.724941784e-12     0.00467243606882   1.01839855376e-15     0.328253307671  -0.328253307671 0.00071285460846   0.700865410324                 
514.0   0.001   0.15    0.00016   0.0   2.49058156921   5.80697964241e-13   31.5379794689   7.44903791428e-12   0.00484550552317   1.12770309321e-15     0.34256574985   -0.34256574985  0.000768041347659  0.726825828475                 
514.0   0.001   0.15    0.000176  0.0   2.72564566828   7.77598803973e-13   31.6999017765   1.00201253544e-11   0.00530283028199   1.51348249663e-15     0.381125960581  -0.381125960581 0.000924516254212  0.795424542299         
514.0   0.001   0.15    0.000272  0.0   4.0700026599    3.23469973464e-12   32.8086836709   4.33324313931e-11   0.00791832046378   6.29396419243e-15     0.621757065384  -0.621757065385 0.00213248941918   1.18774806957          
514.0   0.001   0.15    0.000368  0.0   5.31094804952   7.07779614633e-12   34.0165531807   1.00984165474e-10   0.0103326207584    1.37687190298e-14     0.872041458599  -0.872041458601 0.00376292340213   1.54989311376                  
514.0   0.001   0.15    0.000464  0.0   6.46902170866   7.78680169305e-12   35.2122565496   1.19845688928e-10   0.0125856920054    1.51508495004e-14     1.12653045557   -1.12653045557  0.00577638011792   1.88785380081                  
514.0   0.001   0.15    0.00056   0.0   7.56344790219   6.21409266063e-12   36.3481775394   1.03839478682e-10   0.0147149354983    1.2091426571e-14      1.38263052086   -1.38263052087  0.00814739437955   2.20724032475                          
514.0   0.001   0.15    0.000656  0.0   8.60895113053   3.67740982556e-12   37.4083008141   6.66070115729e-11   0.0167489981251    7.1540761942e-15      1.63909473987   -1.63909473987  0.0108591432958    2.51234971876                          
514.0   0.001   0.15    0.000752  0.0   9.61621223676   2.08819904338e-12   38.390886496    4.05326328057e-11   0.0187086597361    4.06218550076e-15     1.89531141703   -1.89531141703  0.0138998949628    2.80629896041                                  
514.0   0.001   0.15    0.000848  0.0   10.5929092867   1.23610282708e-12   39.3002123982   2.56928922582e-11   0.0206088582026    2.40593554275e-15     2.1509764897    -2.1509764897   0.0172609434324    3.09132873039                          
514.0   0.001   0.15    0.000944  0.0   11.5446014588   7.84393920598e-13   40.1427674356   1.726913057e-11     0.0224604090467    1.52454775737e-15     2.40594212092   -2.40594212092  0.0209354257878    3.369061357                                    
514.0   0.001   0.15    0.00104   0.0   12.4753665938   5.24705354612e-13   40.9255238414   1.2021078577e-11    0.0242712458109    1.02055155458e-15     2.66014385591   -2.66014385591  0.0249176327216    3.64068687164                                  
514.0   0.001   0.15    0.001136  0.0   13.3882411777   3.82704779596e-13   41.655178031    9.36034583177e-12   0.0260472760556    7.44878438563e-16     2.91356351272   -2.91356351272  0.0292025974255    3.90709140834                                  
514.0   0.001   0.15    0.001232  0.0   14.2855217855   3.04698166315e-13   42.3378460675   7.59764473557e-12   0.0277929678253    5.91236689826e-16     3.1662090145    -3.1662090145   0.0337858456741    4.16894517379                          
514.0   0.001   0.15    0.001328  0.0   15.1689729446   2.72195898532e-13   42.978972497    6.97097934932e-12   0.0295117540526    5.3231078669e-16      3.41810271789   -3.41810271789  0.0386632420308    4.42676310789                                  
514.0   0.001   0.15    0.001424  0.0   16.0399721196   2.31203113092e-13   43.5833373503   6.25671736643e-12   0.0312063146303    4.49486054026e-16     3.66927430356   -3.66927430356  0.0438308948476    4.68094719454                          
514.0   0.001   0.15    0.00152   0.0   16.8996121306   1.92876745865e-13   44.155105559    5.18390885773e-12   0.0328787756668    3.75181611015e-16     3.91975630515   -3.91975630515  0.0492850978898    4.93181635002                                  
514.0   0.001   0.15    0.001616  0.0   17.7487743899   1.97818922227e-13   44.6978917192   5.49871259636e-12   0.0345308519725    3.85027485576e-16     4.16958127517   -4.16958127517  0.0550222950076    5.17962779587                          
514.0   0.001   0.15    0.001712  0.0   18.5881818522   1.76293411157e-13   45.2148272332   4.98312502373e-12   0.036163950074     3.41024957018e-16     4.41878002434   -4.41878002434  0.0610390593043    5.42459251109                          
514.0   0.001   0.15    0.001808  0.0   19.4184376602   1.68002522227e-13   45.7086238753   4.9230619581e-12    0.0377792434005    3.28070062074e-16     4.66738058956   -4.66738058956  0.0673320813158    5.66688651007                          
514.0   0.001   0.15    0.001904  0.0   20.2400535765   1.60089443871e-13   46.1816313433   4.53914683618e-12   0.0393777275991    3.11409117201e-16     4.91540770373   -4.91540770373  0.0738981626436    5.90665913986                          
514.0   0.001   0.15    0.002     0.0   21.053471039    1.48116800875e-13   46.6358880891   4.40769643006e-12   0.0409602614984    2.86369535897e-16     5.16288260926   -5.16288260926  0.0807342127219    6.14403922477                                  
                                                                                                                                                                                                                                                                                       
C:\Users\csrc\Desktop>python tecplotdata.py                                                                                                                                                                                                                                                                                                                                                                                                                                                                                                       
Please input the path of the files:E:\meshgrid\Bodycenter\35                                                                                                                                                                                                                          
514.0   0.001   0.35    7.6e-05   0.0  0.175238490819  2.30001299574e-15    168.843479534   1.02797273731e-13   0.00034093861553   3.95097740448e-18    0.0714243948162 -0.0714243948162  2.55060922625e-05  0.119328515435        
514.0   0.001   0.35    8.6e-05   0.0  0.198294372261  2.30019715261e-15    168.845024694   1.08018710079e-13   0.000385795429098  4.30249738059e-18    0.0808626694741 -0.0808626694741  3.2659503328e-05   0.135028400184        
514.0   0.001   0.35    9.2e-05   0.0  0.212127583615  2.40029717036e-15    168.846043288   1.22618928899e-13   0.000412708899512  4.91683671027e-18    0.0865301190485 -0.0865301190485  3.73753825215e-05  0.144448114829        
514.0   0.001   0.35    0.000102  0.0  0.235182352608  3.40021908152e-15    168.847893406   1.3110329879e-13    0.000457563548783  5.06101165157e-18    0.0959833348061 -0.0959833348061  4.59415309823e-05  0.160147242074
514.0   0.001   0.35    0.000114  0.0  0.262847016973  2.90025632269e-15    168.850365043   1.41562597148e-13   0.000511387068712  5.5121717735e-18     0.107339498756  -0.107339498756   5.73863120234e-05  0.178985474049        
514.0   0.001   0.35    0.00012   0.0  0.276678876895  3.5000119638e-15     168.851703716   1.51935050912e-13   0.000538297909881  5.96992950012e-18    0.113022608584  -0.113022608584   6.35854252661e-05  0.188404268458                
514.0   0.001   0.35    0.000134  0.0  0.30895187606   3.09998790926e-15    168.855093845   1.79312104444e-13   0.000601087264337  6.85292064262e-18    0.126296215335  -0.126296215335   7.92858632795e-05  0.210380542518        
514.0   0.001   0.35    0.00014   0.0  0.322782546394  3.80004899346e-15    168.856660962   1.73776791568e-13   0.000627995791132  6.85382504747e-18    0.131990476399  -0.131990476399   8.65442279446e-05  0.219798526896                
514.0   0.001   0.35    0.000154  0.0  0.355052552099  3.70029273213e-15    168.860583919   1.92059719907e-13   0.000690779321736  7.43880119246e-18    0.145290068497  -0.145290068497   0.000104716025478  0.241772762607        
514.0   0.001   0.35    0.00016   0.0  0.368881846264  4.29980923201e-15    168.862379295   1.97394753538e-13   0.00071768517116   7.71537590768e-18    0.150995451376  -0.150995451376   0.000113033440559  0.251189809906                
514.0   0.001   0.35    0.000176  0.0  0.405757722523  4.10010661662e-15    168.867501498   2.31013830027e-13   0.000789429742035  9.11017723308e-18    0.166226081979  -0.166226081979   0.000136766216368  0.276300409712        
514.0   0.001   0.35    0.000272  0.0  0.626928161299  6.60004295263e-15    168.908430807   3.11706826935e-13   0.00121973215021   1.24536993556e-17    0.258104330464  -0.258104330464   0.000326575474196  0.426906252574        
514.0   0.001   0.35    0.000368  0.0  0.847904145461  7.50049117397e-15    168.966753042   4.42705767878e-13   0.00164965624202   1.68410296909e-17    0.3508217598    -0.3508217598     0.000597568803583  0.577379684707        
514.0   0.001   0.35    0.000464  0.0  1.06861864305   1.04002923488e-14    169.04231357    5.25680085399e-13   0.00207907160509   1.99943319415e-17    0.444366056369  -0.444366056369   0.0009495754426    0.72767506178                         
514.0   0.001   0.35    0.00056   0.0  1.28900602369   1.10024459534e-14    169.134914719   5.57832209244e-13   0.00250785055385   2.12535667644e-17    0.538724222534  -0.538724222534   0.0013823757054    0.877747693847                        
514.0   0.001   0.35    0.000656  0.0  1.50900237711   1.32982799996e-14    169.244318237   6.20226526388e-13   0.00293586874928   2.43804805109e-17    0.633882634116  -0.633882634116   0.00189570271018   1.02755406225         
514.0   0.001   0.35    0.000752  0.0  1.72854580207   1.43999763141e-14    169.37024815    6.94068066909e-13   0.00336300576094   2.61404457628e-17    0.729827094244  -0.729827094244   0.00248924442345   1.17705201633                 
514.0   0.001   0.35    0.000848  0.0  1.9475766622    1.71977541969e-14    169.512393925   8.46116579578e-13   0.00378914556474   3.13289772052e-17    0.826542883762  -0.826542883762   0.00316264597635   1.32620094766         
514.0   0.001   0.35    0.000944  0.0  2.16603780666   1.49017909252e-14    169.670413858   7.69747113272e-13   0.00421417697231   2.88233580808e-17    0.924014808704  -0.924014808704   0.00391551220556   1.47496194031         
514.0   0.001   0.35    0.00104   0.0  2.38387475457   1.48018482372e-14    169.843938579   7.80986386673e-13   0.00463799398969   2.95231377071e-17    1.02222724542   -1.02222724542    0.00474741037046   1.62329789639                 
514.0   0.001   0.35    0.001136  0.0  2.60103584324   1.43955729075e-14    170.032574608   7.77621023129e-13   0.00506049610583   2.80015258158e-17    1.12116418411   -1.12116418411    0.00565787299919   1.77117363704         
514.0   0.001   0.35    0.001232  0.0  2.81747234115   1.51024676417e-14    170.235907879   8.61232959948e-13   0.00548158851233   3.12238123295e-17    1.22080927136   -1.22080927136    0.00664640081792   1.91855597932         
514.0   0.001   0.35    0.001328  0.0  3.03313852743   1.31992187023e-14    170.453507176   7.32717705954e-13   0.00590118225805   2.62291965335e-17    1.32114585246   -1.32114585246    0.00771246572185   2.06541379032         
514.0   0.001   0.35    0.001424  0.0  3.24799173993   1.35986783815e-14    170.684927417   7.13120534845e-13   0.00631919434275   2.53732199533e-17    1.42215701378   -1.42215701378    0.00885551374915   2.21171801996         
514.0   0.001   0.35    0.00152   0.0  3.46199239489   1.40983850452e-14    170.929712761   8.19500717286e-13   0.00673554775516   2.77361669734e-17    1.52382562579   -1.52382562579    0.0100749680253    2.35744171431                         
514.0   0.001   0.35    0.001616  0.0  3.67510398063   1.13936970363e-14    171.187399507   7.47093359399e-13   0.00715017146093   2.40423731161e-17    1.62615397488   -1.62615397488    0.0113702316486    2.50256001133                 
514.0   0.001   0.35    0.001712  0.0  3.88729302866   1.2007378971e-14     171.457518764   7.06108782556e-13   0.00756300034626   2.39721094217e-17    1.729108351     -1.729108351      0.012740690492     2.64705012119                 
514.0   0.001   0.35    0.001808  0.0  4.09852906497   1.14002903407e-14    171.73959888    6.43974457093e-13   0.00797397512318   2.22685248987e-17    1.83267097905   -1.83267097905    0.0141857159039    2.79089129311                         
514.0   0.001   0.35    0.001904  0.0  4.30878454434   1.17912475031e-14    172.033167646   6.71719624368e-13   0.00838304220178   2.40532991105e-17    1.93682436417   -1.93682436417    0.015704667289     2.93406477062                 
514.0   0.001   0.35    0.002     0.0  4.51803477054   1.07002773256e-14    172.337754263   5.87238591088e-13   0.00879015353491   2.18606079826e-17    2.04155101136   -2.04155101136    0.0172968945605    3.07655373722                         
514.0   0.001   0.35    0.00214   0.0  4.82134469665   1.19938294085e-14    172.800727699   6.985453882e-13     0.00938026485079   2.33626057194e-17    2.1952689247    -2.1952689247     0.0197488828258    3.28309269777
514.0   0.001   0.35    0.0022    0.0  4.95065129884   9.60015432188e-15    173.00565813    5.80660519667e-13   0.00963184019432   1.8694617626e-17     2.26149655214   -2.26149655214    0.0208465033971    3.37114406801
514.0   0.001   0.35    0.00234   0.0  5.25074336748   8.98953652877e-15    173.498210654   5.08135200583e-13   0.0102156910871    1.81944350689e-17    2.41681007701   -2.41681007701    0.0235155506477    3.57549188048
514.0   0.001   0.35    0.0024    0.0  5.37865056723   8.99924691448e-15    173.715205221   6.17686457538e-13   0.0104645438578    1.87819894434e-17    2.48369833704   -2.48369833704    0.0247052931981    3.66259035023
514.0   0.001   0.35    0.00254   0.0  5.67543868582   8.60441012941e-15    174.234507803   6.21329376838e-13   0.0110419668322    1.81266897633e-17    2.6404999564    -2.6404999564     0.0275871850341    3.86468839127
514.0   0.001   0.35    0.00284   0.0  6.3034822418    9.71199676399e-15    175.403247921   5.5475068983e-13    0.0122638718476    1.62718816803e-17    2.97973735615   -2.97973735615    0.0342533609458    4.29235514667
514.0   0.001   0.35    0.0031    0.0  6.83896167414   8.09467840725e-15    176.470162838   5.61425905765e-13   0.013305686967     1.52610007531e-17    3.27700928633   -3.27700928633    0.0405595159637    4.65699043847
514.0   0.001   0.35    0.00364   0.0  7.92501834494   3.20098875317e-15    178.813677019   3.3970048996e-13    0.0154186923957    1.18451279508e-17    3.90281721694   -3.90281721694    0.0551702242464    5.39654233849
514.0   0.001   0.35    0.00414   0.0  8.89996939174   2.10423397592e-15    181.097027462   3.09585690417e-13   0.0173155349704    1.27783819638e-17    4.49075685177   -4.49075685177    0.0704465534879    6.06043723965
514.0   0.001   0.35    0.0046    0.0  9.77207461218   1.34971930347e-14    183.261157575   4.26270130305e-13   0.0190122843364    9.33091255522e-18    5.03752359153   -5.03752359153    0.0859195836455    6.65429951773
514.0   0.001   0.35    0.0051    0.0  10.6945698021   1.45935408126e-14    185.65475877    5.81895642782e-13   0.0208070727148    8.41321174305e-18    5.6370532279    -5.63705322796    0.104218991351     7.28247545019
                                                                                                                                                                                                                                                                                   
C:\Users\csrc\Desktop>python tecplotdata.py                                                                                                                                                                                                                                           
Please input the path of the files:E:\meshgrid\Bodycenter\20                                                                                                                                                                                                                          
514.0   0.001   0.2     7.6e-05   0.0  0.807354407633  4.51018098442e-14    44.4986880465   7.48305172167e-13   0.00157073718657  8.70382050739e-17     0.122467302892  -0.122467302892 0.000118256836755   0.314147437313                
514.0   0.001   0.2     8.6e-05   0.0  0.912991196233  5.14994496683e-14    44.5276417744   8.7681961301e-13    0.00177625738409  1.00130363685e-16     0.139492610821  -0.139492610821 0.000151324456003   0.355251476819                
514.0   0.001   0.2     9.2e-05   0.0  0.976271457208  5.67005911329e-14    44.5466518385   9.81534948805e-13   0.00189937142443  1.11302312059e-16     0.149804953875  -0.149804953875 0.000173101023756   0.379874284886                
514.0   0.001   0.2     0.000102  0.0  1.08155333063   6.3101205525e-14     44.5810264282   1.08015994153e-12   0.0021042011255   1.24501828148e-16     0.167151544526  -0.167151544526 0.000212610228431   0.4208402251                  
514.0   0.001   0.2     0.000114  0.0  1.20755930971   7.82023233403e-14    44.6266420158   1.32869344867e-12   0.002349350329    1.51918316679e-16     0.188225566675  -0.188225566675 0.000265303212272   0.4698700658                  
514.0   0.001   0.2     0.00012   0.0  1.27041584971   8.42992160433e-14    44.6512035481   1.4227247852e-12    0.00247164000946  1.63208517417e-16     0.198866119764  -0.198866119764 0.000293800579576   0.494328001891                
514.0   0.001   0.2     0.000134  0.0  1.41667170959   9.77985551419e-14    44.7129578842   1.68852909085e-12   0.00275618609892  1.90408816687e-16     0.223956187939  -0.223956187939 0.000365839216952   0.551237219784        
514.0   0.001   0.2     0.00014   0.0  1.47916746725   1.04801797159e-13    44.7412909828   1.79000217426e-12   0.0028777738682   2.03225191167e-16     0.234819131556  -0.234819131557 0.000399077624951   0.575554773641                        
514.0   0.001   0.2     0.000154  0.0  1.62452996352   1.20199534663e-13    44.8116373742   2.07935318269e-12   0.00316058189616  2.36003690574e-16     0.260415660404  -0.260415660404 0.000482114204366   0.632116379232        
514.0   0.001   0.2     0.00016   0.0  1.68662182278   1.2910016709e-13     44.8435601163   2.19542613256e-12   0.00328138387092  2.50231123443e-16     0.271490204538  -0.271490204538 0.000520037202596   0.656276774184                
514.0   0.001   0.2     0.000176  0.0  1.85156136749   1.42701176401e-13    44.9337193645   2.48912782747e-12   0.00360227977245  2.79758606382e-16     0.301319253123  -0.301319253123 0.000627963010566   0.720455954491        
514.0   0.001   0.2     0.000272  0.0  2.81907559132   3.52998922372e-13    45.6099879377   6.20749805724e-12   0.00548461423928  6.86198097872e-16     0.488349441144  -0.488349441144 0.00147726821501    1.09692284786         
514.0   0.001   0.2     0.000368  0.0  3.74408448133   7.85801013424e-13    46.462214698    1.42873837761e-11   0.00728425350414  1.5306953554e-15      0.686236117666  -0.686236117667 0.00265371699863    1.45685070083                 
514.0   0.001   0.2     0.000464  0.0  4.6253699829    1.28139856869e-12    47.4208330372   2.43966236102e-11   0.00899882781092  2.49373252868e-15     0.891456910456  -0.891456910457 0.00413229533219    1.79976556218         
514.0   0.001   0.2     0.00056   0.0  5.46571111055   1.6292001275e-12     48.4327327832   3.27398108624e-11   0.0106337438027   3.16915944498e-15     1.10159274555   -1.10159274555  0.00589147181443    2.12674876054                         
514.0   0.001   0.2     0.000656  0.0  6.26953629655   1.57090207058e-12    49.4613519792   3.36263239475e-11   0.0121976171064   3.05394747576e-15     1.31483888456   -1.31483888456  0.00791392971127    2.43952342129                 
514.0   0.001   0.2     0.000752  0.0  7.04156033997   1.31990383267e-12    50.483149865    3.02280145359e-11   0.013699620483    2.5685033093e-15      1.52991596423   -1.52991596423  0.010186103292      2.7399240966                                  
514.0   0.001   0.2     0.000848  0.0  7.78615474833   9.49605589542e-13    51.4837622336   2.32439345549e-11   0.0151482588108   1.84673466938e-15     1.74603276628   -1.74603276628  0.0126973977081     3.02965176215                         
514.0   0.001   0.2     0.000944  0.0  8.50712798535   6.22605659824e-13    52.4549442128   1.6203927089e-11    0.0165509415523   1.21162306714e-15     1.96266674937   -1.96266674937  0.0154394587008     3.31018831046                         
514.0   0.001   0.2     0.00104   0.0  9.20769993391   4.19697143623e-13    53.3924109756   1.16764931057e-11   0.0179139330711   8.15123978726e-16     2.17946958127   -2.17946958127  0.0184055912837     3.58278661422                                 
514.0   0.001   0.2     0.001136  0.0  9.8905550759    2.77604275051e-13    54.2943911375   8.32009461327e-12   0.0192424560947   5.41589229347e-16     2.3962062028    -2.3962062028   0.0215903253366     3.84849121894                         
514.0   0.001   0.2     0.001232  0.0  10.5579194876   2.0580447865e-13     55.1606806369   6.34309271774e-12   0.0205408415106   4.00176551246e-16     2.61271604033   -2.61271604033  0.0249890988344     4.10816830212                         
514.0   0.001   0.2     0.001328  0.0  11.2116380211   1.54208960834e-13    55.9920304185   4.96477858825e-12   0.0218126785255   3.00078068375e-16     2.82888830867   -2.82888830867  0.0285980283995     4.36253570509                         
514.0   0.001   0.2     0.001424  0.0  11.8532428701   1.24686559194e-13    56.7897519643   4.3395842475e-12    0.0230609480608   2.42374310516e-16     3.04464615437   -3.04464615437  0.032413742794      4.61218961217                         
514.0   0.001   0.2     0.00152   0.0  12.4840112946   1.0390257973e-13     57.5554639341   3.80789844101e-12   0.0242881350581   2.04364358136e-16     3.25993633485   -3.25993633485  0.0364332613681     4.85762701162                                 
514.0   0.001   0.2     0.001616  0.0  13.1050129623   9.53876920891e-14    58.2909301541   3.58135743284e-12   0.025496320583    1.85281859287e-16     3.47472238131   -3.47472238131  0.0406539046549     5.0992641166                                          
514.0   0.001   0.2     0.001712  0.0  13.7171482862   8.43090949091e-14    58.9979568869   3.33810756814e-12   0.0266872564119   1.62358560649e-16     3.68897997409   -3.68897997409  0.0450732280862     5.33745128238                         
514.0   0.001   0.2     0.001808  0.0  14.321179305    7.80944522916e-14    59.6783287018   3.12910808375e-12   0.0278624251101   1.52340494998e-16     3.90269374081   -3.90269374081  0.0496889724776     5.57248502201                         
514.0   0.001   0.2     0.001904  0.0  14.9177545273   7.40017229217e-14    60.3337695456   2.89090973382e-12   0.0290230883677   1.42222089552e-16     4.11585498392   -4.11585498392  0.0544990267886     5.80461767355                         
514.0   0.001   0.2     0.002     0.0  15.5074289463   7.05122377113e-14    60.9659202815   2.67419419941e-12   0.0301703259381   1.36843487535e-16     4.32846002662   -4.32846002662  0.0595013999461     6.03406518762                           
                                                                                                                                                                                                                                                                                      
                                                                                                                                                                                                                                                                                                                                                                                                                                                                                                                                             